-0.11255346
0.10578701
1.2464352
0.17389727
1.4275984
-1.0936404
-1.1155131
0.064564854
1.7097839
-0.57436293
-0.65932196
0.6000299
0.71823245
-0.3923908
0.078975156
-0.40886417
-0.5492115
-0.42110637
0.6952143
-0.16839184
0.3734624
1.7286936
-0.56039685
0.44246513
1.1022167
-1.8874173
-0.9026114
0.44237056
-0.6710038
0.120497845
0.5298128
-0.61940366
0.44237328
0.049111977
-0.6017551
1.0895811
0.42324498
-0.05158655
-0.35422602
0.31253454
-0.6071912
-0.11919913
0.044531774
-0.32531846
0.111525625
-0.0030466109
0.0067287185
-0.19697149
1.0193461
-0.57910633
-0.25754896
0.826722
-0.35891744
0.14086421
-1.5960659
-1.2449826
0.27073982
0.08488296
0.36681885
0.4061576
0.30915943
0.4049642
-0.7041827
-0.4396174
-0.34616446
0.20728123
-0.6432458
-1.1687677
0.96513206
0.7011782
-0.44518358
1.1046911
-0.2514361
-0.36857638
1.0732373
-0.06362356
-0.6050721
-0.93488324
0.0770677
1.0473685
-0.5626949
0.13772428
0.48332515
-0.87393534
-0.40533277
-0.38244504
-0.5839387
0.5242527
0.0030657353
-1.1563436
0.33077556
0.055156518
0.3729557
-0.11808831
-0.056004062
0.329552
1.5423429
-0.42928973
-1.2865543
-0.73218656
0.35612702
0.32061005
0.8244298
0.7791439
-0.69624335
-0.7251828
0.43657482
0.049644448
-0.28894565
-0.18038955
0.623644
0.0803734
0.83457404
0.9592414
0.0025214904
-0.5588798
-0.5302453
0.109588966
0.93558276
0.71144825
0.17824565
1.0473242
0.61684227
-0.04019978
-0.3709966
0.038154915
0.7900443
-0.9168774
0.34948817
0.32444248
-1.3947166
-0.9894788
-0.19042608
0.6283622
-0.64358675
-0.1621294
1.0467443
0.82117707
0.15601347
-0.86402094
-0.21187796
0.11867315
0.64762795
0.43037894
-0.5991717
0.8905896
-1.0712327
-0.24257115
-0.10299952
0.42818198
1.0179553
0.0069902255
-0.032260854
-0.33459958
-0.06586004
1.3162898
0.8073103
-0.16836677
-0.7674897
0.32998478
-1.3451557
-0.3037006
-0.32062674
-1.2960054
0.73524374
0.8266271
-0.61723006
0.6781591
-0.32341716
0.84197485
-0.2200458
0.34348017
-0.28462324
0.39051417
-0.60321707
-0.83650845
-0.4090186
0.37103188
-0.17740601
-0.06870567
-0.63506824
0.44580215
0.18868215
-0.37724203
-0.35336986
0.7176552
0.07082011
-0.8813133
-0.053087946
0.22067113
0.23457646
0.5356591
-0.13559143
0.69691247
0.94079113
0.87342477
0.16816963
-0.13981642
0.104950964
0.06769273
-0.61167705
-1.1120815
-1.0464195
0.21095182
-0.17861664
1.1852534
0.014076885
0.02313901
0.324575
0.7100222
-1.1177908
0.26660442
0.3557496
0.27418166
-0.3986379
-0.3726726
-0.45768565
0.58529097
1.02155
0.09045266
-0.7869664
0.7218759
-0.8597263
0.32740012
-0.40058213
1.009569
-0.3185794
0.5392261
0.8108879
0.31783772
-0.9496818
-0.21497986
0.23023577
1.9141662
-1.2180432
-0.6276355
1.2732993
0.29659465
0.32485384
0.8176208
0.29652056
0.025301542
0.5401435
-0.43131617
-0.36855248
-0.100000024
-0.04668339
-0.21928276
-0.20655544
-0.76491445
0.46964592
0.09754965
-0.10319585
-1.1768179
-0.42623362
0.024707112
-1.1747446
1.0035664
-0.68376654
-0.62473166
0.90478
-0.34460762
-0.6671579
-0.034501866
-0.3662533
-0.17963704
0.4069186
-0.25917724
0.24694695
0.043277152
-0.88991827
-0.7768223
-0.19725561
1.0084438
-0.22019984
-0.21896808
0.52415884
-1.2064481
-0.5709017
0.28509387
-0.8369213
0.077147625
1.0086857
0.58418614
0.108467646
0.4865292
0.51841456
-0.4196835
-0.5910551
0.2124203
1.03879
-0.9394773
0.09241364
-0.44104758
-0.02659958
-1.1668245
-0.46711248
-0.8780646
0.66079146
0.19651671
-0.68355256
-1.1545497
-0.8378089
0.35080528
0.020993475
0.29903927
-0.5859496
-0.17715015
1.4565791
-0.8986326
-0.39904937
0.39106232
-0.3335859
-0.2755226
-0.61806303
-0.21226518
-0.5497428
0.42944664
-0.04800322
-0.63459915
0.2227436
0.42847097
-0.10316446
-1.2356192
-0.58124226
2.123523
0.24208923
-0.68480444
1.174999
0.16401999
0.124334514
-0.07198599
-0.38809797
-0.40449667
-0.38303632
-0.9874621
-0.26033717
0.23807311
0.5078551
0.4259736
1.2492865
0.09811272
0.7350299
1.1865956
0.71194154
-2.0765712
-0.0074718087
0.2875978
-0.7975401
0.5107758
-0.5034396
-0.31293327
0.4104874
0.79980993
-0.841138
-0.6490638
1.0021442
-0.10615882
-0.92750466
0.3977187
0.3469849
0.5143659
0.8894279
-0.8590493
-0.34678748
0.32479778
-0.104720466
-0.9879346
-0.69687563
-0.88306
-0.502508
1.6007113
0.68574893
0.44950762
0.32386622
0.28923967
-0.019088557
0.13382521
-0.89879847
-0.9151392
-0.013330573
0.31029698
1.0151625
0.9699734
-1.1262908
-0.4371129
-0.48955423
-1.1160363
-0.6134437
0.2607722
-0.2505213
-0.5001181
0.92143553
0.05698576
-0.016228827
-0.48309454
0.08771623
1.3093021
1.6692252
0.06748692
0.8324165
-0.015232683
-0.61518306
-1.4956745
-1.8861103
-0.2600688
0.06155781
-0.075124696
1.2860273
-0.6945594
0.08057411
-0.43096566
-1.7221614
-0.09727004
-0.3557336
0.4026217
-0.90152925
0.06629273
-0.2799196
0.2951009
-0.039963342
-0.59785986
-0.3301861
0.3105282
1.3863192
-0.6253878
-0.06367728
0.051059358
0.08593939
-0.3520572
-0.015051198
0.5786838
0.8314423
0.39365685
-0.25964174
-0.2963743
-1.3009149
-0.3510989
0.42474008
0.013554977
0.8899913
-0.21042967
0.59191704
0.23734419
0.7458919
0.040958777
0.7027225
0.14598425
0.7689542
0.8792747
0.31899264
0.44314513
0.0047668414
-0.28074685
-1.1243439
0.71864444
-0.74946874
-1.1337388
0.5405659
-0.13153316
-0.69700193
-0.044632453
0.1321562
0.49031955
0.06816166
0.859227
0.23653422
0.41821834
-0.07311734
-0.27490106
0.8604185
-0.75521916
0.15818207
-0.486294
-0.11310396
0.43375167
-0.6538409
0.6851137
0.3502432
-0.6937224
0.42939082
1.0146842
0.22659211
-0.49947736
0.26524025
1.2880528
-0.04175137
-0.5751537
0.28445837
-0.7378176
1.1828932
-0.05500931
0.71038973
-0.07294569
0.0719005
1.5386959
0.15109225
-0.94221866
1.152734
0.25218225
-0.04085407
-0.15678748
0.18065538
0.20115891
0.72099835
0.81193954
0.022022327
-0.13238633
0.36132297
-0.11136407
-0.6951433
-0.16067158
-0.4604319
1.095315
-0.18830739
0.10179611
1.2622942
1.6258882
-0.31152335
-0.6141907
-0.8011178
0.1186636
1.2767502
-0.11335092
-0.8788223
0.37115026
-0.29833478
-0.54817474
0.03836152
-1.0474367
1.2632217
0.34025487
-0.1122982
0.1887959
0.4308793
0.61939263
0.55740213
-0.11375797
0.3532971
0.36134306
-0.20144928
-0.20471625
-1.1343731
-0.17891707
-0.527696
-0.47429338
0.16041961
-0.18150061
-0.55567116
-0.4440111
-0.13699694
-0.06419856
-0.38694808
-0.5029015
-1.1511682
-0.19526444
-0.34619215
0.49158317
0.46443132
-0.42379144
-0.85107064
-0.25820088
-0.90277326
-0.70003915
-0.29630092
-0.3444861
0.17967822
-0.29261437
-0.7757353
0.29849356
0.19398074
0.036740832
-0.11019203
0.33000198
-1.017632
0.43124405
0.38827378
-0.106553465
0.92986906
-0.3560782
-0.25696915
-0.24274938
-0.18879943
-0.047045656
0.18502784
0.23961432
0.07780468
-0.14018343
-1.065301
0.63346
-0.29884142
-1.3023602
-0.39015606
0.2846663
0.30556574
-0.8286243
0.27225107
1.0886114
-1.3252083
0.0038511835
0.21262844
0.49335554
1.0787699
-0.667893
0.27354053
0.004399022
-0.08363647
0.5403409
0.27470914
-0.10907207
1.202516
0.59079474
-0.25990984
0.85353184
-0.09608799
-0.0697181
0.017488362
1.5579686
0.43769792
0.31495553
0.7379812
0.36792746
-1.136462
0.95722955
-0.35508078
-0.58138275
0.41476208
1.1350707
0.45976555
-0.07148382
0.15854208
-0.1742019
0.3827839
-2.0370417
0.3883515
-0.15943404
-1.0206776
-0.12464123
-0.51533526
-0.49744016
-1.3696743
-0.36579832
0.347474
-0.4844969
-0.53314793
-0.29731807
0.20138218
-0.012205801
-1.0507127
0.20536132
-0.37512654
-0.19813715
0.3257457
0.83875555
0.08561067
1.0353885
0.15253833
-0.15588361
0.7165469
-1.0553855
-0.07233914
-0.3191771
0.10567327
-0.608312
-0.4006307
-0.42307147
-0.29739225
-0.96038604
-0.73548746
1.8736187
0.78197956
0.7203496
-1.368056
-0.08817021
0.21538895
-1.303085
-0.75021183
-0.09553356
-1.2624599
0.55131316
0.95863265
-0.6301014
0.089011036
-0.3077968
-1.0320582
0.124430865
-0.9500931
1.0685017
-1.2003368
-0.2732052
0.7250862
-0.7969275
-0.27189505
1.0605979
-0.6582869
0.32630032
-0.19793107
-0.05150188
-0.42501184
1.0861579
0.33183506
0.5258654
-0.50435954
-0.17347242
-0.1464889
-0.6836553
-0.35193437
-0.9304343
0.12440336
-0.41017708
-0.049613964
0.72217876
0.20953697
-0.27500036
0.2357165
0.38923034
-0.44290614
-0.60066795
-0.32422164
0.65756434
-0.3941035
0.25223356
0.215354
0.31241363
-0.20356795
0.3526351
0.30655134
0.47027513
0.96709734
-0.87598175
0.46738675
0.33038643
-0.69847786
-1.1322325
0.6708309
-0.37412894
-0.45706916
-0.4157123
0.37652728
0.052396182
-0.9836085
0.41686612
0.9997444
0.85058576
0.1603227
-1.9235457
0.6428255
0.56063396
-0.6640438
-0.24177955
0.50868344
1.0111548
0.15978563
-0.3632781
0.4513656
-0.86237866
-0.43310887
0.10381596
-0.43462327
0.9194391
0.17071064
0.60840195
0.5187488
-0.12670986
-2.0993798
-0.5500316
0.89839816
-0.7298811
0.42336118
1.2086719
-0.084688485
0.049168672
0.30358708
-0.48076317
-0.11233722
0.46481076
1.1984019
-0.23136424
0.5645729
-0.9042239
0.9184743
0.45150885
0.42183676
0.11262392
-0.8613592
0.34441677
-4.586165E-4
-0.82373077
0.07655537
-0.4012881
0.33760402
-0.7016268
0.057048112
-0.01595297
-0.45100176
0.3824054
0.16681461
-0.32047582
-0.74278194
0.4066031
1.6149228
-0.16309886
-0.059022553
1.1002706
-0.44330546
-0.82303256
-0.366576
0.2351911
0.7014024
0.3962558
-0.022645837
-0.04932135
0.51547706
0.54422593
0.56162107
-0.54689455
0.74796647
0.3919918
0.8588988
0.71794957
-0.74393684
-0.11833935
0.32493782
0.44306615
0.34627652
-1.1734337
-0.02256088
1.338855
-0.7935629
-0.55693865
0.6386804
-0.3435475
0.023670789
0.11680079
-0.08629544
1.548914
0.30604407
0.5245082
-1.2003995
-0.13163567
-0.1457678
-0.29212493
0.5718879
-0.1279608
1.0994467
-0.66894203
-1.1923672
1.1946372
-0.4753478
0.7137396
-0.40312132
0.063303925
0.30700895
0.40417716
-0.20542349
0.19628479
0.35081267
0.75433195
-0.2770492
-0.09092106
-0.28238863
0.48542744
-0.15874864
-0.014310657
-0.047521
0.23659898
-1.7828578
0.089796804
0.5784216
-0.6868915
0.3043546
0.34943977
0.2604085
-1.0102245
0.4785437
0.275305
-0.367072
-0.35318035
-0.27510607
-1.1865113
0.123524174
-0.43915093
-0.47758132
-0.042154852
0.5508257
-0.48128277
0.0026701263
0.31617486
-0.71884245
-0.93143415
0.891893
0.065339334
-0.28425846
-0.44841748
-0.018636283
0.49687353
0.15583704
-0.5865
-0.4727069
0.6733423
0.015236514
0.03393086
0.88618755
-0.24319711
0.12381111
-0.6816015
-0.4728253
-0.755183
0.21198744
-0.31972143
-0.37444773
0.8832376
-0.79144865
0.69116783
-0.29716122
-0.4801531
1.7604551
-0.40119067
-0.6210917
-0.5290571
-0.7662273
0.260932
-0.35324502
0.31484896
0.1817356
1.0049334
-0.4690162
0.024087079
-0.23920046
0.5127367
-0.8161796
0.23392744
0.08366389
-0.65467286
-0.5545379
0.5304523
0.44214824
-0.4301948
-0.71406054
-0.10924927
0.1414917
1.0985748
0.6675341
-0.13141374
-0.72937876
0.1310627
-1.014165
-0.1213467
-0.46348843
-0.58475703
0.8383664
0.40234587
-0.8662488
0.5888061
-0.21249482
0.6114436
0.5558805
-0.2653544
-0.42715004
-0.13677701
0.49080697
-0.04538407
0.6771741
1.0503557
-0.96682286
0.83249474
0.66944325
-1.1749425
-1.3947651
0.656945
-0.13292636
-0.18860161
0.47586626
0.07305296
0.38187745
0.6723658
-0.79581356
0.4298229
-0.90460587
0.110823646
0.19956847
-0.3792427
-0.20004605
0.76648027
0.38723361
0.02687656
-0.8217775
1.0409249
-0.20287476
0.15042742
-1.1040069
0.34699544
-0.20826139
0.42977783
-0.772402
0.958554
0.7643392
0.29373327
-0.512118
-0.3714853
1.2004635
-0.32279095
-0.9473554
0.13677707
-0.22547685
-0.86615986
-0.28341335
0.31924334
1.0233101
-0.71320546
-0.23410958
1.1765482
0.59130853
-0.6492841
0.8931089
-0.0703596
0.74783194
0.5360273
-0.5217495
-0.50932485
0.8441604
-0.12114467
-0.15653406
0.42291954
-0.7637547
0.7732885
-1.0454832
-0.5052811
-0.45896298
-0.00445937
0.8762324
-0.6623901
1.4683992
0.44728604
-0.22004047
-0.05755127
0.7147092
-1.134292
-0.00963366
0.895817
0.42277282
1.0384068
0.02690874
-0.35158592
0.2529754
0.34198734
-0.09955509
1.0165958
-0.16937456
-0.6668548
-0.41016743
0.10930811
-0.14132798
0.21266334
-0.3111216
0.10109113
-0.6241848
-0.68670285
1.0774062
0.16923858
0.10736027
0.029896082
0.78694826
-0.7001553
-0.13142025
1.0013468
0.40906316
-0.5579891
-1.0049881
-0.9305951
0.58332396
0.5247724
0.26918977
0.516596
0.22243749
0.22988537
-0.5161509
0.50268126
-0.1835151
-1.0758653
-0.8025081
0.15761685
0.21468008
-1.5616143
1.2022526
0.20263349
0.7449666
0.087059386
-0.75428253
-0.5265047
-1.49887
-0.23915668
0.2844174
0.3763244
0.26284498
0.4015985
-1.2022297
0.38563785
0.074472
-0.5935779
-0.081225514
-0.6756994
-1.2216152
-0.2886362
0.3265019
0.10967725
-0.60181844
-0.13368867
-0.36754388
0.22996083
-0.29679027
-1.1475799
-0.10068537
-0.1934873
-0.38250536
-0.8037625
1.3903836
0.6222354
-0.30044973
0.22844648
-0.023083715
-0.22204117
-0.6573769
0.25288516
-1.7710909
-1.5203114
0.27891394
-0.25704932
0.5019926
-1.2074498
-0.11714729
0.2718299
1.0145929
0.41762942
0.122462496
0.9392811
-0.52478886
0.086850315
-0.4490508
0.49529064
0.34287754
0.25016496
0.102678105
-1.1573365
0.29155865
-0.30843896
-0.018267328
0.32531476
0.7062703
0.64691406
-0.058689333
0.14821169
0.494597
0.17339371
0.77892435
0.3574204
0.086965084
0.5233708
-0.85042834
-0.29388958
0.11435619
-0.8159469
-0.2218549
0.21928878
0.52996457
-0.038419396
0.58902436
-0.23740813
0.00307515
-0.22820097
-0.5034471
0.5429949
-1.7473305
-0.6935716
0.032800455
-0.080229595
0.2659959
0.31582832
-0.8066019
0.41810733
0.15475462
-0.08999325
0.44385332
0.8726775
0.0924312
0.46348488
0.25963625
-0.14344318
0.39636356
-0.64184093
0.6504099
-0.8659172
-0.69661325
-0.100496404
-1.3120462
0.07750814
-0.34604853
-0.30697387
-0.698465
0.11313056
-0.68687165
-0.27430803
-0.15614858
-0.6598835
0.13262123
-0.31822303
-0.38016737
-0.08047683
0.32026055
0.19487572
-0.13041703
-0.049447194
-0.50211096
-0.51071596
-1.1024188
0.2944604
-1.8388478E-4
-0.8653564
0.81018823
-0.41660774
-0.1033584
-0.15545873
0.77743465
-0.7293259
0.96592623
0.48733833
0.042704735
-0.7655347
0.6423633
0.6133653
-0.73352975
0.6374991
0.16631827
-0.6070954
-1.1527828
0.44958764
-0.6600122
0.06619325
0.58599436
-0.27249205
0.007770509
0.22187652
-0.34502074
-0.24053013
-0.018171271
0.14167164
-0.65570414
-1.0701458
-0.73733425
0.67361677
-0.9433199
-0.027300376
-0.07176679
-0.49700677
-0.3957682
0.29316443
0.2597393
-1.0779388
0.1247234
0.19300063
-2.1724017
0.60540944
0.9891419
-0.43536574
-0.1950857
-0.7377563
0.32936767
1.6202049
0.69281894
0.48616698
-0.8365584
-0.14838298
0.07840542
0.19173257
0.34639734
-0.36143002
0.55003136
0.027213598
-0.44394422
-0.21041287
-0.014459754
-0.7400052
0.5651504
0.8102352
-0.118680514
0.89780426
0.7859227
-1.9238131
0.39828795
0.60283947
-0.26499817
-0.2573253
0.36469266
-0.4540466
0.45174378
1.1792921
0.94024205
0.5125082
0.6757026
-0.24365814
0.04856982
-0.18873708
-0.98686427
0.1008425
-0.7945964
-1.1386157
-0.33872762
-0.5478168
0.10851305
0.026741631
-0.02273909
-0.686843
-0.5013818
0.6971599
0.7892933
-0.45754457
-0.24978335
-0.7106894
-0.4907972
0.20137711
0.48203704
4.501891E-4
-0.6564568
-0.13340616
-0.039733425
0.46826196
0.26157483
-0.38255727
0.41213503
0.60426533
0.2216936
-1.0509585
0.77891856
0.0060299877
-0.3359782
0.34254172
0.38502187
0.7871121
0.4673516
0.16167122
0.043641634
-1.3596679
1.088224
0.55556434
-0.89815885
1.3802035
0.14654796
1.3005594
-0.1925943
-0.9872247
0.04857267
0.47179782
-0.2269852
0.124182366
-0.26184356
-0.75963145
0.22227855
0.55783397
0.043390613
-0.96409917
0.1612218
0.500287
0.7494776
0.2756455
0.8492032
0.09919916
-0.95171887
-0.22286242
-1.7874908
-0.3378942
0.7972669
0.51155627
-0.18551533
0.09799923
0.29696497
-0.55906045
0.13443185
0.40368786
0.09776782
0.6013866
-0.5894652
0.22011894
-0.59989154
-0.39757624
-0.72683996
1.4162581
-0.75200915
0.64423686
-0.056813102
-0.12687756
-0.07841008
0.26163605
-0.024912162
0.8709183
-0.13944933
-0.61886704
-0.088836186
0.39371195
0.1975086
0.5423083
-0.1714985
-0.5117568
-0.33910444
0.8301327
0.7846292
-0.4833111
-0.66333777
0.020464817
-0.41929576
0.30648717
-0.63951874
-0.490195
-0.38319978
0.43652436
-0.5856995
-0.48152044
0.29302016
1.3183069
-1.0442064
0.62399924
-0.17251489
-0.5290807
0.25730503
0.15593368
0.03438997
1.0746524
-0.71076334
0.15955928
0.8594147
0.20007315
-0.14338912
1.2338779
0.65886426
0.054319143
-1.1579831
-0.6350362
-0.05211934
-0.6408087
-0.32873908
0.15195268
0.6179145
-0.79446197
-1.0292809
-0.7492926
0.33537263
-0.5920081
0.4971658
-0.6479765
1.2488542
0.58314204
0.031466316
0.061255954
-0.10351782
0.6037986
-0.28348777
-0.32466933
0.74641436
0.86848027
0.11590656
-0.75470334
-1.1421653
-0.6312271
-0.93741673
-0.389251
0.3898303
-0.3677807
-1.1270418
0.9848606
0.09608014
0.3019892
0.44154263
-0.7994334
-0.30252343
0.58614135
-0.19609764
-0.5021066
-0.63595355
-0.12694134
0.8828356
0.7325414
-0.1685726
0.5729681
-0.9583367
1.5231289
-0.3608412
-0.42910212
-0.2949669
0.3071017
-1.3127247
-0.55341035
0.3541495
-0.36587092
-0.031337064
-0.14920771
0.8069534
0.15751845
0.8576216
0.11501546
-0.2625964
-0.45342955
0.65368307
1.194463
-0.3943945
0.8600049
0.5856189
-0.16687146
0.6414713
-0.7974461
-0.3304729
0.29123095
1.2798026
-1.3817806
-1.0736116
0.9513341
-0.039851904
0.25195715
0.3293172
0.751392
0.3930153
-0.547025
-0.9797131
-0.53639543
-0.78852797
0.36722684
-0.18320875
0.19879553
0.87325126
0.09757828
-0.71840656
-0.18796445
0.10816035
-0.37953964
0.15843901
0.97367775
0.15933923
0.3495251
0.19325215
-0.5468104
-2.0219607
0.49333984
2.6948276
-0.52114975
-0.31277272
1.485038
-0.8528371
0.6197307
-0.7390421
-0.25115854
-0.061563555
0.23035707
0.71066904
-0.86503196
-0.52759945
-0.5165674
-0.16402866
0.4368482
-0.13965552
-0.25935212
-0.24795902
-0.24739827
0.100453526
-0.5390783
-0.29049194
-0.54671735
0.63671863
-0.47207204
0.6597904
-1.2497047
-0.7792519
2.8207898E-4
1.1506643
0.4385419
0.19625214
-0.6267553
0.07753208
-0.74025375
0.3498139
0.06822715
-0.040967118
0.029451074
0.37412584
0.25129622
-0.66942626
0.16087478
0.7251238
0.38276288
0.69173956
0.6813323
0.09480541
-1.0743893
0.7002004
1.6508061
-0.6715211
-0.28863442
0.399324
-0.3445349
-0.6274363
0.5396708
0.26244286
0.4147625
0.9826518
0.26822928
0.5793959
-0.14973785
-0.57778317
-0.8389727
-0.62826294
-0.04710093
-0.10509288
0.28410172
0.44551602
0.0666176
-0.6763632
-0.5072509
0.2174374
1.0648582
-0.09352682
0.011952862
0.8455693
0.93452597
-0.63010097
0.25169408
1.1334395
-0.03915681
-0.35511333
-0.6814501
0.05776621
1.6564637
-0.48350218
0.18244849
1.327554
-0.11203738
1.0404543
-0.27000993
0.42227134
-0.096020095
-0.7189533
-1.0760987
-0.14133511
-0.2806365
-0.6211937
-0.12399865
1.1898801
-0.08337879
-0.44238198
-0.25805992
-0.5641026
0.2402592
0.32381645
1.0031749
-0.5324635
-0.8999415
0.33056098
0.61475444
-0.24906492
-0.6521117
0.928091
0.26506898
0.08766139
-0.021584185
-0.20218363
-1.2409916
0.4322846
0.06490035
-1.8070025
0.71437883
0.7210405
-0.4172948
-0.2802292
1.1205226
-0.67794406
-0.12538965
-0.30262917
-0.34355056
0.47997108
-0.10098277
0.8219273
-0.28380176
0.4740554
0.19977015
0.40404838
1.1997963
0.560257
0.6121293
-0.4432758
0.99114805
-1.1704984
-0.20514832
-0.6647315
0.6493195
0.07996521
-0.2326612
-0.9030566
-0.3259297
0.368935
-0.23623697
-0.052551795
0.4839777
-0.90110314
-0.116348535
1.0876507
-0.49164647
0.1699481
0.91256255
0.52586657
0.30179244
-0.2087959
-0.221417
0.80378026
0.5768025
-0.05536821
0.594108
-0.8383268
-0.19118784
-0.5652594
0.040754057
0.17242223
0.3745547
0.1920091
-0.37426353
-0.6408485
-0.38222742
-0.10588229
-0.21731627
1.2561888
0.07473287
-0.61431617
-0.4762075
-0.9439868
-0.5133669
-0.31492049
-0.61298186
0.22069375
0.41832247
0.6721386
-0.4966336
-0.040898252
-0.35169372
0.7884348
0.39355463
0.50356025
-0.48778224
0.4906145
-0.89114344
0.23287827
-0.045105144
0.070468605
0.3170653
-0.8309802
0.106369376
0.16804719
0.4886621
0.7085231
-0.20363079
-0.25926536
-0.3352943
-0.028008888
0.9196676
0.014751296
0.29027104
0.13157693
0.60537344
0.08597444
-0.5492913
1.4994751
-0.119101875
-0.75922877
-0.10162028
1.3183293
-0.39246523
0.66158754
0.39737117
0.027524674
-0.57945746
-0.029186452
1.6213775
-0.790974
-0.079766095
0.07342279
0.7554782
0.055402067
-0.8231872
-0.7797572
0.3641321
0.08281893
-0.22795944
0.55906105
-0.29889363
-0.55606663
0.5102198
-0.3366757
0.41022018
-0.79918855
0.32434273
-0.49004543
0.98885256
-0.21770029
0.25823104
0.33739468
-0.027147742
-0.1402224
0.034870937
0.07093707
-0.18342227
-0.13710684
0.15939382
-0.5414356
-0.09684699
-0.7214712
0.28908357
-0.24732572
0.82111454
0.050079662
1.1165482
-0.08583834
0.74574244
0.74130815
-1.018936
-0.22143887
0.086503685
-0.414322
-0.85658586
0.24848628
-1.4681209
-1.2579579
-0.2594377
0.7358151
-0.39555132
0.31160197
-0.993076
1.0673753
-0.76153386
0.20668405
0.001737943
-0.48099473
-0.37952635
-0.21179998
0.41657788
0.20656504
-0.0101855835
0.9574556
1.504326
0.27502584
-0.35059723
0.6794
0.33507884
0.5339084
-0.97895116
0.59616196
1.1522572
0.59247625
-0.34089065
-0.96105623
-0.5887413
0.061217714
-0.07323401
0.050210565
0.91590273
1.102145
0.3217213
-1.2293297
-1.1832895
0.734487
-0.11964131
0.38420203
-1.690083
0.14639406
-0.7223841
-0.12876116
1.0379514
1.4504547
0.6770678
0.3645206
0.061220344
0.19993225
0.48943013
-0.6484419
-1.0891787
-0.23348336
0.50999635
-0.050884217
-0.2778698
1.1686716
-1.4230428
0.39714247
0.20213103
0.713553
0.039967384
0.65100074
0.085017614
-0.7244581
-0.03613834
0.8418323
-0.5846914
1.3931553
0.063436486
0.4390595
-0.10059337
0.529021
-0.8458501
0.19421133
0.2512386
-0.68840176
-0.025737979
1.6584504
-0.25022623
-0.34646457
-0.25258115
0.11317639
0.42320916
1.598704
-0.34968486
0.1876672
0.26289228
-0.023073668
0.30043238
0.282574
-0.18148239
0.4630385
0.50363094
0.8869784
0.031248264
0.84136325
-0.84914476
-0.30941644
-1.206202
0.6757951
-0.009719636
0.4748484
1.0240264
2.0278156
0.46155006
-0.26762834
-1.351566
0.5183123
-0.22593738
0.5076041
0.75367635
-0.77377665
1.3784708
0.9741737
0.4905682
-0.30203325
-0.17738424
-1.0369836
0.058644917
0.52434164
0.18538819
-0.11028573
-0.82617795
-1.3805298
1.5381056
-0.9886433
0.10816467
-0.8254181
0.51543224
0.42429242
-1.1850202
-0.70780504
-0.20411965
1.0864135
0.09908896
0.47146448
-1.0396093
0.20385064
0.39561224
1.1308278
0.30019674
-0.7677813
-0.058742546
-0.68147624
0.21307041
-0.058361925
0.04717327
-0.69678116
-0.29457784
-0.056729548
-0.95807594
-0.009967663
0.12586688
-0.6778652
0.058447342
-0.24847668
-0.45680195
0.22316553
0.022961043
-0.06559469
1.7883507
0.17216791
0.3610944
0.9614298
0.13293378
-0.18819201
-0.5884391
0.3190196
-0.8936293
1.5748242
-0.035943337
-0.66291624
0.9915489
-1.0170512
-0.521833
-0.39999366
-0.9431874
0.25826934
0.4201605
0.05393958
-0.14818716
0.18167971
0.13638051
0.33614874
0.93077815
1.0382545
0.3696326
-0.66040546
0.6185306
0.5897025
-0.09888071
0.18445426
-0.72425133
0.7750766
-0.68863416
-0.24015759
-0.19175903
-0.33221638
-0.124716245
0.60018456
0.87475747
-1.2654681
1.0256907
0.2902254
-0.3623671
-1.0356483
0.117801726
0.2450182
0.21886554
1.0667343
-0.044751488
0.04380378
1.372683
-0.31476492
0.16064745
0.17624778
0.6326692
1.0836209
-0.12859431
0.5714683
-0.70830965
0.18585262
0.14327885
0.60162145
-0.99730796
0.09905481
-0.41677836
-0.49202767
-0.30092785
-0.036311794
-0.29693875
-0.68804306
-0.21250653
0.021610139
-0.16291827
-0.025188258
1.2795935
-0.264646
-0.18669088
-0.24642438
-0.5335112
0.7394521
-0.48380995
-0.051501278
-0.6594879
0.15038867
0.0010435433
-0.6750105
0.09615333
-0.19535014
0.53944033
-0.08350236
-0.9556423
-0.8728927
-0.091628216
0.2957398
1.2818089
0.3129796
0.36948597
1.4009036
0.03011006
-1.0340221
0.6241939
0.69040835
0.43533072
0.6441913
-0.6441391
-0.027445123
-0.39054382
-0.4387281
0.9604569
0.5869274
-0.73228097
0.61676073
-0.12777668
-1.0555471
-0.7040565
-1.2949339
0.09314353
0.17241324
0.113671556
-0.44939193
-0.114256114
1.2703727
-1.2061876
-0.6546298
-0.68562424
-0.19393201
1.0370579
1.0358212
0.9185267
0.091059335
-1.4507576
0.4020443
0.8924378
-0.5847228
-1.0335463
0.09658529
-0.44662052
-2.0354705
0.16129363
0.6795016
0.0918984
-0.26121694
-0.10479759
-0.7145657
0.5781039
-0.42543018
1.4532753
0.34823045
-1.2529079
-0.77318895
0.6854612
0.43926454
0.32340673
0.6424001
0.45679852
-0.42117867
0.8832872
0.6382076
0.18830678
0.7683111
-0.062462017
-0.9567498
0.06214193
1.1440823
-0.285531
-0.18963109
-0.46381727
-0.20710644
-0.58947486
0.6254337
0.29533374
0.13823822
0.16048719
-0.04880569
0.2993713
-0.8862178
0.38480458
0.3795211
0.39303795
0.5249054
0.3048246
-0.6801611
-0.35595703
-0.8957937
0.4025266
0.424851
0.5258395
-0.70290166
1.0306292
0.4808267
-0.43883187
0.7970613
0.90172863
0.73868215
-0.11127772
-0.7610695
0.7100805
0.13324188
-0.4095161
0.5413638
-0.551697
0.9453973
-0.23639488
-1.1262921
0.6185258
0.27909306
0.4791232
-0.54944706
0.32000157
0.35655472
0.0048047914
0.076463915
-0.5425821
0.21356624
0.15637954
0.21330506
-0.27546895
-1.0569886
-0.32364368
-0.9768254
-0.09074729
-0.48353648
-1.0589297
-0.6689632
-0.84659
-0.7302836
0.2527895
-0.3987469
0.4390882
-1.020365
0.18149933
1.7494792
0.07037465
1.1510928
0.9174819
-1.130015
-1.0319455
-0.40627196
-1.0314244
-0.49943098
-0.83478713
0.38831982
-0.24801338
-0.24202368
-0.43207023
0.5916544
1.0639646
-0.23009391
0.8041693
0.64329314
-0.022145778
-0.092280924
0.10826324
-0.8886667
-0.5517991
-0.31308216
-1.1888483
-0.5364656
1.0147153
0.28280118
0.9306476
0.2998654
-0.560355
0.943236
0.53672504
1.1347789
-1.1058388
0.50095206
-0.42952058
-0.38862014
-1.1662146
0.08870635
-0.23323353
0.8799846
-0.3643013
0.5220595
-0.001191132
-1.4274623
-1.3167965
-0.6557958
1.2262843
1.131581
-0.40501004
0.6462965
0.88523203
-0.70377254
0.48039123
-0.31518963
-0.2513038
-1.298146
0.26892865
-0.14170767
0.87578744
0.2903567
-0.41427362
-0.47112864
-1.4435941
-0.6936649
0.38831523
-0.36118677
0.7951427
1.0240235
0.91654193
-0.185896
0.7248899
0.7814073
-0.49288595
0.526702
0.90419304
-0.0715464
0.595564
0.20749956
-0.5560748
-0.9130956
-0.052718673
-0.43762603
1.0063099
-0.21200673
0.62316465
-0.9406429
0.23860924
-0.3996389
-0.06264045
0.3511606
-0.6166653
-0.44976407
0.14871755
-0.49295434
-1.7318954
0.6758128
-0.4465143
1.2504406
-0.7121408
-0.10713696
-0.011834705
-0.4607988
-0.21941817
0.7285209
1.0245365
-0.37651733
-0.26030657
-1.3463032
0.7062862
0.24625155
-0.021566963
0.36314785
0.08546227
0.8349925
0.40283394
-1.2683144
-0.060168996
-0.098473884
-0.731946
0.27079663
0.23822774
0.024214793
0.021276563
1.1464512
0.8477191
0.33666736
-0.4925088
0.27919513
-0.34233692
-0.85178894
0.53126264
-0.12553738
-0.50407594
1.4897945
-1.3021317
0.61270297
-0.0112881325
0.50285435
0.4884609
0.23422506
-0.43929473
-0.90054154
-0.7440131
-0.15089434
0.34259227
-0.20010199
-0.56031317
-0.5830407
-1.4759322
0.54236144
-0.36924684
0.14639266
-0.23825012
-0.17875801
-0.16769917
-0.5505875
0.5879721
0.6868201
-0.84501994
-0.33028862
-0.34712115
-0.006014433
-0.5560504
0.19027585
1.659066
-0.2582739
-0.28333145
-0.23255403
-0.30361938
0.17012498
0.094883196
-0.6087359
0.0997795
-0.6768646
-0.58179003
0.538464
-0.08508156
-0.16143255
-0.41505572
-0.5973855
0.0898466
1.1308943
0.35216582
-0.06567103
-0.49357298
0.3516905
-0.18984051
-0.34441003
0.14372653
-0.23006174
-0.9389037
-0.6156822
0.8425275
-0.8635869
-1.2815356
0.8073356
-1.2564285
0.87544155
-1.4981025
-0.31320882
0.11714669
-0.53218436
-0.22762543
-0.28081968
-0.22167934
-0.25446978
-0.6950178
0.9895549
-0.01961665
0.112391114
0.83316046
-0.19230638
-1.0667098
0.19082682
0.522866
-0.15567128
-1.017966
1.4117594
-0.30856973
-0.31192154
0.422325
0.22657281
0.23004946
-0.18363114
-0.011448311
-0.37353662
-0.5512712
-0.27679485
0.5417469
-0.338549
-0.35600886
1.0094336
0.383474
0.31127322
0.17621388
-0.6964766
-0.30910948
-0.53308433
0.45842227
0.47630438
0.09295276
0.64062256
0.7603932
0.20037854
-0.2780328
0.14224724
-0.20944613
0.2654375
-1.406713
-0.5414183
0.15341388
0.39493302
1.0559623
-0.96622175
0.38045543
-0.3530528
-0.13769811
-0.42277172
0.4551159
-0.33818695
-0.69262916
0.21564843
-0.5454316
1.2244834
-0.114000574
-0.7240658
1.1264495
0.59874254
0.1343785
-0.516811
-0.85049593
0.9925603
0.3852771
0.3243352
0.024369638
0.87178147
0.55493075
-5.7309686E-4
0.09630188
0.64557695
-0.19443376
-0.24029371
-0.44352195
-0.7251057
-0.13882703
-0.76622
0.8531809
1.0644964
-0.24239866
-0.3503123
0.22549953
0.96613836
0.69038755
-0.014713831
-0.53033274
-0.005575365
0.9990129
-0.7636177
1.182213
-0.651057
-0.32411155
-0.4252606
-0.33279115
-1.1885993
-0.6090595
0.4994937
0.40836158
0.71921
0.38985637
-0.42789894
-1.5645818
-0.13556832
0.004591945
-0.5032054
-0.14293163
-0.8674547
0.9596681
0.46810102
0.039127227
-0.6336876
-0.030747792
0.4924814
0.2189222
-0.3218369
0.5484687
0.4524468
-0.2693123
0.27949524
-0.10921216
-0.705831
-0.92330354
0.82328105
-0.76620567
0.61158514
1.2232082
-0.09993998
-0.74734986
-0.58943486
-0.14361113
-0.17218314
0.008741256
-0.49101707
1.0218202
-0.8324585
0.36748955
-0.644813
0.47927186
1.4143509
-0.64815104
-0.6367135
-0.5648673
0.02577576
-0.3852706
-0.104602344
-0.6599658
0.0019228708
-0.9294624
0.8071306
-1.5089982
0.38344824
0.046844143
-0.6620977
0.10930891
0.6324189
-1.1220989
0.8033555
-0.24309584
0.9778856
0.60683346
-0.50519115
-0.79941744
1.0087591
0.16329171
-0.6765305
-0.49387065
0.51156384
0.7704519
1.9949466
-0.67593104
-1.1026995
0.3507837
0.47718617
-0.12023133
-0.03293729
0.04708571
0.022221072
0.18531558
-0.3021619
0.5469335
-0.49534413
-0.8778626
1.3329468
-1.2111604
0.41307583
-0.5026599
0.44749132
-0.51777685
0.7009421
-1.0734932
0.10037853
-0.79791945
0.9312739
0.59497005
-0.18625167
-0.9159988
0.41138428
-0.7817703
0.3919017
-0.5512533
0.50560725
-0.49472353
0.29567638
0.5330634
0.037079833
-0.33806568
0.6314792
-0.09462883
-0.24749815
0.048754744
-0.35626355
-0.41962266
8.9904084E-4
0.03625758
1.1703395
-0.38480002
-1.0861943
1.0577762
0.28347737
-0.5239962
0.8273679
-0.12555723
1.0580828
0.0021574548
-0.72045416
0.04312165
-1.464396
0.4632143
-0.75417674
0.39575726
0.15260455
-0.04263929
0.4941814
-0.12665959
-0.50757396
-0.1654961
-0.41924384
0.27757275
0.8891614
0.86954504
-0.7626266
0.019123621
-1.6056006
0.5231258
0.42012158
0.16305383
-0.10237233
-0.24357353
0.12897763
-0.032957565
-0.6137852
0.5359646
-0.33458227
1.024683
0.54884744
-1.070771
-0.7738452
1.2200176
1.0185225
-0.59594786
0.051006448
0.766347
-0.06602747
0.7605138
-0.36843073
-0.66294694
0.2286253
-0.014321188
0.16545306
0.9158569
-0.69763213
-0.48250765
0.14845929
0.036460284
-0.54246384
-0.14858097
-0.27122605
-1.3598193
0.32796058
0.7873481
0.10697746
0.34825173
-0.058198642
0.042298365
-0.18526374
0.45739827
0.43672407
-0.809107
-0.2375618
0.066977546
0.4434196
-0.3101718
0.07563688
1.0127106
-0.7185128
0.6087153
-0.70790315
0.02672315
0.3810192
-0.7128324
-0.0063851387
-0.6495994
-0.86458755
-0.11341863
0.11438602
-0.459373
0.5701589
0.11981195
-0.2552643
0.36775953
-1.51409
-0.18112895
1.0920384
0.018615225
-0.98204964
-0.40448684
0.027884709
-0.5041123
-0.5721285
-1.3833184
-1.2034503
0.77936494
0.8784741
0.1822363
-0.9240562
0.7722524
-0.47389385
0.29761407
0.021065302
0.15401787
0.18678729
-0.41620827
0.17912377
-0.061784446
1.0268078
0.6276464
-0.8468366
0.15276746
-0.61180145
-0.45318955
0.80624765
0.065322995
-0.6405619
-0.47784767
0.55760527
-0.2605852
-0.2774381
0.029549075
-0.9288923
-0.8137457
1.9259902
0.18625246
-1.5448596
0.6305174
0.07787915
0.14293139
0.09713021
-0.5110683
-1.4686841
0.28570616
1.0644187
0.42249098
-0.6054185
0.39252755
1.4141923
0.31213367
0.30045053
-1.4234102
-0.5284404
-0.17043857
0.53228843
-0.578638
0.648799
-0.21346007
-0.6998789
0.94998306
0.12356001
0.5989208
-0.57298523
-0.39014223
0.29227015
0.8812528
1.2268908
-0.5479571
-0.017852921
0.2835244
-0.51272666
-0.21493483
-0.5683615
-0.9521337
-0.2548824
-0.28895095
-0.18472679
0.18069698
-0.11879971
0.24885385
-0.20232381
-1.416066
-0.5103675
0.2509157
0.09286651
0.7110412
-0.08589747
1.2641374
-0.25148118
0.6374164
-0.73923475
-0.059846062
-0.722404
0.14619493
0.25050232
-0.16743559
0.37952343
0.43589935
0.45579088
-0.23788893
0.027774336
0.6700313
-0.40765166
-0.27013725
0.080953956
1.2893212
0.24243213
-1.2576663
0.6946937
-0.83248395
0.21484502
-0.6576029
-0.37178543
0.51758873
-0.13503565
0.73249054
0.14532635
0.05372896
-0.37463847
-0.19812089
0.9526413
1.091892
-1.2815793
0.4455282
0.7316439
-0.028739989
0.60635537
-0.34312832
0.77803
-0.48559856
1.4749156
0.040895347
0.17479083
0.4961667
-1.1313299
0.21513414
0.5869379
-0.62247384
0.3181092
-0.6099012
0.48633635
-0.5019589
-0.07049871
0.95773953
-0.58903694
0.07550758
-0.4047273
-1.0571885
0.41243073
-0.07231092
0.1754074
0.25441423
-0.091260165
-0.22297676
0.73228467
1.1240618
0.34260568
0.26311687
-0.0015511871
-0.54169375
0.20171194
-0.571589
0.35335162
-1.2604189
-0.2566062
0.13342947
1.1119016
-0.13543336
-0.82471126
0.6996701
-0.26530725
-0.26009628
0.7153381
-0.6705546
-0.08360096
0.17526913
-0.021145254
0.49056223
0.81650865
-1.0166776
-0.30502698
-0.042466898
0.51517105
0.079981305
0.0041887793
0.5689898
-0.86042225
0.46845415
-0.6814146
0.05448232
-0.4841923
-0.2112108
0.1293668
-0.3567306
0.2740013
0.5207227
-0.7006823
0.21518035
0.5255964
-1.8921375
0.38470092
0.48893344
0.94756424
0.028444322
0.22557613
0.6452887
0.0022969362
0.11209121
0.9045258
-0.37096623
-0.24789657
0.64169437
-0.3493137
0.16674986
-0.28072625
-0.68431044
0.60110784
0.27772406
0.37216383
0.68502516
0.03969057
-0.104436375
-0.19656861
0.6413309
0.1983478
-0.39076054
-0.53413534
0.028740756
0.05928844
-0.45981708
0.6304079
0.39365113
-0.20979717
0.30317092
0.19789785
0.37268147
1.522609
-0.09035737
0.034074876
0.5407849
-0.07548518
-0.49128315
0.47429785
0.7907375
-0.8162004
0.20468904
-0.04353352
0.4081242
1.0838394
0.23643935
-0.746837
0.8338454
-0.71919435
-0.34108084
-0.59393877
0.94262207
0.04546628
-1.5359191
-0.8328602
1.3261232
-0.8170305
-0.9134742
0.9233983
0.17682278
0.74130774
-0.5971523
1.5227342
-1.1027348
0.19221684
1.1385081
0.28124943
-1.392764
-0.6792812
0.70294607
-0.7460901
0.93873954
0.16837
-0.72084194
0.70010006
0.04374713
1.1558105
-0.7827445
-0.9668976
0.16353782
0.12932536
-0.35667184
-0.46181077
0.86634976
-0.31033295
0.99089634
0.2925876
-0.5813044
0.5813514
-0.99257815
0.96041036
0.36516112
0.033624474
-0.2227443
-0.32831463
-1.3992819
0.20053612
0.97440034
0.43717676
0.5530172
0.39740497
-0.17829959
-0.11575135
-0.37790194
0.24198037
-0.6754205
0.3254144
-0.38239738
-0.8018584
0.42725298
1.5504425
0.8061338
1.4249333
-0.048942536
-0.82975656
-0.10367886
1.1918572
1.0127255
-0.3034799
-1.0524201
0.34960425
-0.060264476
0.14278771
1.1063577
-0.06224428
0.34377894
0.10667048
-0.4829599
-0.35502514
1.001626
0.33690923
-0.53438836
0.5716446
0.973123
1.0240982
1.0619763
-1.48386
1.5411662
-0.1309464
-1.2145417
0.19684005
-0.4934062
0.40867263
-1.1967503
0.5410876
1.3250892
0.7197745
-0.12402006
-0.55136955
-0.31407282
0.39288393
0.043888155
-0.4233658
0.9141746
0.50827366
-0.7533982
1.2075299
0.5736656
0.44122717
0.42051026
1.0211222
-0.5256785
-0.21392018
-0.49987477
-0.28598115
-0.6618378
0.78997254
0.68898684
-0.12956704
-0.0306383
0.5236
0.7794436
-0.08283828
-0.85390466
-0.33706287
-0.061145734
-1.0431439
-0.9849952
-0.39378756
0.080644
-0.45621213
0.3224476
0.053847045
-0.61898834
-0.28164583
1.3546406
0.37655723
-0.16394415
0.3878211
-0.40757188
0.5331026
-0.68398184
-1.3144475
1.0585225
-0.04634919
-1.1121576
0.104904905
-1.1324174
0.06619666
-0.23152223
-1.9304706
1.3987981
-0.08451096
0.17046838
-0.26876834
0.97098005
0.44082206
1.9542413
-0.8672632
0.2602054
-0.66584516
-0.57500917
-0.26215607
-0.35786462
0.057463393
0.7517994
0.14211193
-0.6575321
-0.013552333
0.9310316
-0.1649793
0.4071099
-1.7621872
-0.44991848
0.19666182
-0.1861013
0.16287684
-0.5344755
0.346324
0.26304474
-0.19294173
0.95390654
-0.28711027
-1.2456542
0.32320186
0.2926439
-0.93906
-0.72205937
0.35727412
0.2698347
0.38545635
-0.06653299
1.2459263
-0.079816915
-0.8869835
-1.1164598
-0.11848956
0.14817406
-0.39642948
-0.27746087
-0.38608256
0.8404727
0.60193074
0.38523552
0.46506903
-0.65039086
0.44709033
-0.30306363
-1.2804866
0.20574783
0.905518
0.27337205
-0.09028571
-0.41117045
-0.26832604
1.0500358
0.3381752
0.14301883
0.29264858
-0.69098085
-0.82258373
-0.62497723
-0.6055565
0.5902372
0.7419859
-0.0037497375
-0.062724546
0.60502326
-0.48993495
1.6388997
0.50241494
0.08769403
-0.6619558
0.12022424
-0.32781947
0.33675188
0.5622441
0.36396456
0.36258042
-0.44519
-0.5853909
0.91770446
0.4963704
0.80805475
-0.6443035
-0.09493737
-0.6738676
0.070657715
-0.3015952
1.4363842
-0.7313088
0.17204429
0.68058896
-0.14766142
-0.5659679
-0.27288336
-0.32042092
0.76341283
-1.0223802
-0.53944564
0.85176545
1.2809492
0.38470826
0.5159093
-0.35273
-0.28624502
-0.6661149
0.92565733
0.6934799
1.100713
-1.4980451
-0.044881538
0.10376076
-0.78808063
-0.6314961
0.024583358
0.12641747
1.5951117
-1.3221263
-0.50186986
1.3135207
-0.8924415
-0.18234846
0.8392836
-0.78974134
-0.3816564
0.5220474
0.6631786
0.45245457
0.099306904
-0.11223451
0.42464402
0.70385015
-1.0858927
-0.6746015
0.5137789
-0.25506312
-0.23574533
0.24284774
-0.45350888
-0.024747493
0.3713378
0.40128687
0.11275455
-0.86829615
0.64757216
0.06002876
-0.2123967
-1.2611766
-0.07946589
0.9451504
0.114659086
-0.6691935
0.6341083
-0.64388406
-0.37161586
-0.49120143
0.012778477
0.9430044
-0.5874764
-0.32805872
0.92471635
-0.6851233
-0.33370513
0.71466917
-0.6646461
-0.8696498
0.38201407
0.22148477
-0.9609825
0.14657491
-0.70410365
-0.009758909
0.42840028
-0.66915387
-0.062910646
0.7326993
1.0457194
-0.16919906
-0.020998072
-0.6182176
0.6977808
-0.5189325
0.5405028
-0.8387792
0.036586672
-0.09378008
0.763683
0.15984066
0.22421959
0.41686866
0.3939182
-1.099252
-0.48807755
0.33416602
0.90851307
0.7751735
0.6912094
-0.46843663
0.57580864
0.14083987
-0.20446399
-1.0221326
-0.36862406
-1.6330669
-0.9587906
-0.3728351
1.3355832
0.8466136
-0.7236609
0.8977019
1.1792073
-0.03687026
-0.05379832
0.07392191
-0.66197497
0.7872707
0.86823255
0.16488938
0.8065364
-1.2716262
1.6766865
0.10337577
-0.829032
1.2189181
0.3570654
0.5152565
-0.41382834
0.98740876
0.85559493
-1.1648595
-1.2164371
-0.65196586
-0.34370637
0.3507475
-0.16413504
-0.18177348
-1.1493009
-0.9264866
1.2598501
0.2241093
0.5137834
-0.0066200728
0.5797179
0.40408975
-0.4871606
-0.8269408
-0.34882426
-1.1235965
0.20835641
-0.20705402
1.1243268
0.36785242
-0.8455159
0.32601926
-0.02611213
0.09656199
0.29352397
-0.5222251
-0.23408316
-0.3475114
-0.20756994
0.9959276
0.57776576
-0.6681756
-0.27015334
0.9642283
0.44859642
0.48876002
-0.2861339
-0.15195018
-0.45999995
-1.2886115
0.6893781
-0.34849352
0.11680807
-0.589306
-0.5711516
-0.08150117
0.08266475
0.53372157
-0.064142145
-0.85429966
0.22566453
-0.3752906
0.8902881
0.37226278
0.07738052
-0.20285124
-0.25878662
-1.4386289
0.19926782
-1.1430964
-1.0525973
-0.24883221
1.1842387
0.7906964
0.27047822
-0.25169927
-0.08556395
-0.38347536
0.26684135
-0.2666439
-0.2935376
-0.39731523
0.52904433
-0.06256201
-0.60973656
0.45559072
1.075971
0.50671947
0.61501586
0.45316538
-1.1391151
-0.38232473
0.96276975
1.5083143
-0.7095706
-1.0871199
0.32820395
0.40785596
-0.7415582
-0.41635767
0.117913775
-0.040582865
-0.92780256
0.41811293
-0.23576741
0.019203443
0.18543778
0.09807723
0.7677809
-1.1596358
0.025731308
0.68533456
1.6361259
-0.073516965
-0.71817386
-0.060260244
-0.077987276
1.6288667
0.57392156
-0.7614835
-0.88102186
-1.0116199
0.010280698
-0.2156125
-0.32610938
-0.22360906
-0.89205474
-0.86029774
1.2107652
0.8696741
1.3703626
-0.7059591
0.7986629
0.17869948
-1.275061
-0.56511945
0.8220414
0.12197993
-0.030959073
0.53895074
-0.028443394
0.9344426
1.175643
0.20372164
-0.7235454
0.49687523
0.8676687
-0.044099286
-0.7675306
-0.41872108
0.16527942
-0.63171184
-0.535239
1.0682058
-9.981316E-4
0.7991486
0.32494858
-0.07923269
-0.5760188
-0.69687206
0.8733493
0.26523316
-1.0497859
0.34230533
0.520722
-0.53669226
0.83559287
0.3599373
0.64249516
-1.067296
0.67038673
0.9090136
0.079624295
-0.43643165
-0.7175231
-0.9826171
1.341482
0.71455014
-0.94735104
-0.7481198
0.61001736
-0.08633573
0.82114047
0.3118361
0.36350703
0.92735946
1.3487855
-0.34730843
-0.20155813
0.9803265
0.67145026
-0.10000572
0.5132098
-0.40647364
0.28464127
-0.9054993
0.4016566
1.7934698
-0.09719475
0.78435314
-0.35854858
-0.5265685
-0.15627913
-0.78489923
0.27122894
-0.45035097
-1.5012823
1.2128614
0.96985877
-0.5042557
-0.11465237
-1.410821
-0.3484813
0.042825464
0.3042994
-0.21058002
0.3163858
-0.47000667
1.5083464
0.5931465
-0.334657
-0.792847
0.929582
-0.40226153
0.31673574
-1.1942949
0.48803863
-0.36987206
-0.655891
-0.007298093
0.3083695
0.65110904
-0.40756407
-0.203747
-0.9149835
0.4307051
0.79292166
-0.1927249
-0.3638875
-0.17698659
-0.48182708
-0.026680933
0.42113313
0.097656116
-0.27308407
0.5597435
1.1632452
-0.98499066
-0.2157811
-0.024077926
0.77361983
-0.56360394
0.4827115
-0.25960407
-0.1331221
0.37516487
-0.2022315
-0.4941109
0.6394177
-0.29070014
0.123270586
-0.5356056
-0.64514947
1.2367088
-1.0264308
-0.70987016
0.58930635
0.13049026
-0.3842898
-0.42923248
-0.62824255
0.09278855
-0.44745108
0.4654731
0.6989829
-0.8378299
1.1839747
0.685344
-0.28863963
0.11472513
0.39646435
-0.71896094
0.47205073
0.44704828
0.2834786
0.037647862
0.44501364
-1.6108702
0.37593937
0.47764662
0.4143061
-0.26153204
0.25711828
0.48161963
-0.34836265
-0.21935001
-0.55341196
0.2225958
0.19801301
-1.0765978
0.293809
0.1882845
-1.2008505
-0.1939427
0.419061
-0.16222419
-0.18380223
0.5027033
-0.632341
-0.7127879
0.13677779
-1.790181
-0.24924251
-0.3139342
-0.57611465
0.27309033
0.36952084
-0.09586264
-0.31597087
-0.33418635
-1.3393805
-0.72859627
0.5722456
0.5732497
-0.50839704
0.45260322
-0.2243844
-0.5288378
-0.06683284
0.23374625
-0.5936308
0.16266277
0.1944315
0.57932687
0.35849983
-0.10866396
0.21566863
1.4924808
-0.9519099
-0.27952355
0.37643698
1.1426107
-1.4272274
0.8896136
-0.28332144
-1.6722555
-0.0041901064
0.50004876
0.31327388
-0.4822824
0.049068242
-0.570816
0.58592856
0.21777868
0.4576525
0.54689646
-0.13848987
-0.324274
0.5889881
1.1313964
0.13938263
-0.6738878
0.10250913
-0.3687764
0.44066027
0.22444966
-0.44121295
0.38434038
0.45399982
-1.0364895
1.4233265
-0.4039233
-0.7053019
0.9131042
-0.15790643
-0.7268853
0.7260532
1.3742112
0.17896104
-0.46496242
0.324848
0.23225294
-0.58156145
0.1440152
0.8516472
0.6873445
-1.3043236
-0.6034902
0.4113053
-0.5485527
0.9662591
-0.18046457
0.32134894
-0.4712816
0.27686185
-0.7579704
-1.0344331
0.19061893
-0.02923755
-0.47505024
0.37720048
-0.62323844
-1.4387542
0.80965227
0.2896086
-0.84067744
-1.0068034
1.0190918
1.5131663
-0.07184892
-0.31427458
-0.95883137
-0.76027024
0.7043517
-0.14534947
0.07094533
-0.6529145
-1.0052118
-1.1539913
-0.32659093
0.63622284
-0.95059973
-0.07827627
-0.43100512
1.1103709
-0.25735748
-0.51340246
0.68223715
0.25735855
0.6931458
0.29120585
0.20329165
-0.9510732
-1.2732579
1.2790122
-0.02950099
0.6975088
0.2934055
-1.013782
-0.17308673
-0.59603995
-0.92849344
-0.5180284
0.038299024
0.5601396
-0.7506034
0.53917116
0.8343694
0.89263904
0.8586103
-1.4047877
0.23845027
0.616689
-1.923705
0.018314665
0.65072256
-0.17873052
0.5863332
-0.5321215
1.4678075
0.6977953
-0.5189539
-0.44210416
0.2350017
0.74219745
-1.4388379
-0.5412316
0.44399953
-0.2354396
0.42654347
-0.03473308
-0.97489756
-0.4468583
1.2919384
0.5374238
0.13001278
-0.114920035
-0.9262981
0.22124968
0.4779903
1.2302059
0.07242076
0.0710921
0.9426434
-0.57737833
-0.10835765
-0.44091532
0.8973496
0.42164806
-0.5872642
0.08350709
-0.5905739
0.12553313
-2.1464756
-0.87559474
0.42391166
0.18932103
-0.036269385
0.2605525
-0.33062163
1.0054772
1.0423532
0.6196728
0.35524842
-1.0941721
0.48188826
0.0926045
-0.54852587
-0.39441845
-0.16456424
-0.88199633
0.018720917
-1.1044196
-0.16186737
0.41415903
1.8271263
-0.30166245
-0.19405064
0.75421876
0.3574807
0.15356776
0.6757598
-0.45219067
0.38094723
0.61230266
0.35523695
0.3623497
0.007782075
-0.08357411
0.036326032
0.12236984
1.0105138
-0.09853184
-0.32111606
-0.77152485
0.7978084
0.21665786
-0.65844655
0.08177122
0.29328737
0.37175038
0.8307825
-0.10221908
-1.4372852
-0.44214636
0.30413353
-0.50792426
-0.6239304
-0.1630175
0.41910753
-0.29552022
-0.0354372
0.51249266
-0.33081016
-0.30428854
-0.1425903
0.60512394
0.042289224
-0.12252133
-0.60216194
0.9570878
-0.69418514
-0.765497
0.28241646
-0.84615976
0.3523699
0.031798612
0.044374757
0.0650422
0.40701318
0.807951
0.24579518
0.6047787
0.46401912
0.45631307
-0.3559593
0.35398242
0.6713911
-0.67059517
-0.098690175
-0.37079248
0.017084675
-0.015124129
-0.22763771
-0.48340514
-0.5658149
0.6152336
-0.45064485
-0.3238166
-0.7573601
-0.107456535
-0.4094459
0.4087696
-0.6425805
1.8971255
-0.35849848
0.01774801
0.37404767
0.30835444
-0.023470001
-0.41393128
-0.79627126
0.29491886
-0.44414786
-0.6622577
1.0293194
0.1958093
0.044221483
-0.01264456
-0.9012883
1.173642
-0.1629226
-0.0055021155
1.0931718
0.08281853
-0.28392783
-0.1058496
0.49872404
-0.5110922
-0.46954948
1.4709115
0.4350438
0.22552736
0.24662244
-0.2698021
-0.7156056
-0.10061704
0.3085623
-1.1158377
-0.169604
0.20888074
0.66658235
-0.17525047
-0.22265968
-0.95948535
-0.67855066
0.27370614
-0.2980253
0.37643838
-0.11726599
-1.1663127
0.24421595
0.45391482
-0.18009356
0.30629107
-0.48226216
-0.6326129
-1.1385301
0.2333883
0.122646965
0.36233386
-0.65737736
-0.11003376
0.50571024
0.023362089
0.13649788
-0.007082629
-0.47745952
-0.8863303
1.3446722
-0.43924046
-0.061984442
-0.71063185
-0.082575254
-1.8078003
1.3171604
0.65160924
0.4614354
0.12549473
-1.5233636
0.32354987
0.010569091
-0.43033084
0.2767617
0.19160983
0.74184287
-0.04319461
-0.28315163
-0.43938655
-0.286257
0.67446196
0.6468848
-1.0347679
-0.5169636
-0.32502544
0.0337387
-1.1038569
0.15637992
2.1209712
-0.34396705
0.58469087
-0.047172554
-0.05791087
-0.6788523
-0.16417828
0.52278656
0.017717212
0.21291342
-0.29847944
-0.38439602
0.5146283
-0.58460224
0.12829731
-0.28697523
-0.7031873
-0.31311032
0.37413803
0.06302581
0.9546294
-0.9257396
0.66719246
-0.55746
